1.953125e-01 1.562500e-02 9.062500e-01 1 classifiers/weak_tree_11.mat 3.482948e+00 3.828125e-01 1.562500e-02 8.750000e-01 1 classifiers/weak_tree_12.mat 3.420760e+00 999999
3.411854e+00
1.328125e-01 1.562500e-02 9.375000e-01 1 classifiers/weak_tree_21.mat 3.269547e+00 4.453125e-01 1.562500e-02 7.187500e-01 1 classifiers/weak_tree_22.mat 3.221728e+00 999999
3.215638e+00
5.078125e-01 1.562500e-02 9.687500e-01 1 classifiers/weak_tree_31.mat 3.111572e+00 4.453125e-01 1.562500e-02 3.125000e-01 1 classifiers/weak_tree_32.mat 3.156710e+00 999999
3.104141e+00
6.328125e-01 1.562500e-02 5.937500e-01 1 classifiers/weak_tree_41.mat 3.081564e+00 7.578125e-01 6.406250e-01 3.750000e-01 1 classifiers/weak_tree_42.mat 3.142163e+00 999999
3.071863e+00
6.328125e-01 3.906250e-01 3.750000e-01 1 classifiers/weak_tree_51.mat 3.126890e+00 6.328125e-01 1.562500e-02 2.187500e-01 1 classifiers/weak_tree_52.mat 3.023305e+00 999999
3.015098e+00
1.953125e-01 1.562500e-02 4.687500e-01 1 classifiers/weak_tree_61.mat 3.257882e+00 5.703125e-01 1.406250e-01 8.750000e-01 1 classifiers/weak_tree_62.mat 3.105719e+00 999999
3.101800e+00
